id,time,y1
1,0.1,0.193212333898146
1,2.575,-0.37779881306849
1,5.05,0.802040028663283
1,7.525,2.02951525197433
1,10,1.59411103586186
2,0.1,1.10749048744809
2,2.575,0.0129571847164655
2,5.05,1.02261057688998
2,7.525,0.314174591531261
2,10,1.65834324764298
3,0.1,0.218288450878377
3,2.575,-0.970695386220431
3,5.05,-0.625937343233248
3,7.525,0.26408087600441
3,10,-1.12462680907438
4,0.1,0.30813689628972
4,2.575,-0.429638593483251
4,5.05,-0.568554309628312
4,7.525,-0.766370861388308
4,10,1.06939543362419
5,0.1,0.835391247390612
5,2.575,-0.493143007905033
5,5.05,0.745401946329354
5,7.525,-1.10090709882732
5,10,-0.626853336050218
6,0.1,-0.00105873674254911
6,2.575,-0.512773875643059
6,5.05,1.14042744788201
6,7.525,-0.43275248206943
6,10,0.0801705276342425
7,0.1,-0.553205240142106
7,2.575,-0.0391349400661856
7,5.05,-1.1563799170869
7,7.525,-1.53696335727559
7,10,-0.583616032947848
8,0.1,0.177500324842426
8,2.575,1.40012871309736
8,5.05,-0.613438977716035
8,7.525,0.541468465479455
8,10,0.514991430785472
9,0.1,1.04225709350104
9,2.575,1.67564711563723
9,5.05,1.50310801151485
9,7.525,-0.485844429684651
9,10,-1.37740934987176
10,0.1,-1.62920593576972
10,2.575,-0.188427084624069
10,5.05,-0.05458701133942
10,7.525,0.504071526955454
10,10,-0.142692479176121
11,0.1,1.26151590341647
11,2.575,0.402241149469133
11,5.05,-1.79352935853449
11,7.525,-0.209790584721837
11,10,1.11427421549586
12,0.1,-0.850923933567648
12,2.575,-0.865763939782427
12,5.05,-0.0301913816461055
12,7.525,0.959998181531429
12,10,1.29351839645941
13,0.1,-0.396953343211136
13,2.575,-0.201088168911973
13,5.05,-0.467679441206597
13,7.525,-0.194434682762455
13,10,1.7333427539339
14,0.1,-1.10530501362461
14,2.575,-1.27028486625473
14,5.05,-1.67785650826413
14,7.525,0.291900760362929
14,10,-1.13420267574664
15,0.1,0.726007508198772
15,2.575,-0.177164848657843
15,5.05,-0.194255757633987
15,7.525,0.963865516284448
15,10,0.342541729207088
16,0.1,0.43340903929599
16,2.575,1.35764561441507
16,5.05,-2.19812509363996
16,7.525,-1.7290724293592
16,10,-0.759765177247024
17,0.1,0.0110135205108519
17,2.575,0.633064604813227
17,5.05,2.22440890195856
17,7.525,1.33417392058572
17,10,1.04940063481393
18,0.1,-2.05018319888343
18,2.575,-0.997836899762133
18,5.05,-0.796834246410168
18,7.525,0.354409474921038
18,10,-0.0624814855066392
19,0.1,1.54593785511702
19,2.575,1.53711886270478
19,5.05,1.0012496850816
19,7.525,0.186831380284944
19,10,-0.39042893142626
20,0.1,-0.282313122604158
20,2.575,1.21299643567118
20,5.05,1.59116740816042
20,7.525,1.46350665176094
20,10,1.23498135513795
21,0.1,0.365833224702237
21,2.575,1.00673898535321
21,5.05,-1.69950566967664
21,7.525,-0.29790318052824
21,10,-0.909831636648088
22,0.1,-0.368167413502412
22,2.575,0.557466892395495
22,5.05,1.32205235221293
22,7.525,-1.99837670500021
22,10,-0.733577968288489
23,0.1,-0.0870856576083276
23,2.575,1.3089390046333
23,5.05,2.19057514284461
23,7.525,1.4804117523043
23,10,0.927719435578462
24,0.1,-0.308370363903231
24,2.575,0.446604877939695
24,5.05,-0.802692973548708
24,7.525,0.018751980268152
24,10,-0.153206587040601
25,0.1,-1.23088469451859
25,2.575,-0.0133198474049259
25,5.05,-0.0442954355730414
25,7.525,-0.238648607806396
25,10,-0.165105842178052
26,0.1,-1.1310212976827
26,2.575,1.60092756084239
26,5.05,0.84608594445579
26,7.525,1.68475821204308
26,10,1.11680245877198
27,0.1,-0.207289609366834
27,2.575,0.597461361972462
27,5.05,0.992685898672143
27,7.525,-0.471478481684393
27,10,-0.0358194533670921
28,0.1,1.52536338000138
28,2.575,1.37789704602445
28,5.05,1.45916514488353
28,7.525,-1.97954806996853
28,10,-0.29891049741188
29,0.1,0.417750391202908
29,2.575,1.05886529703898
29,5.05,0.565553866448692
29,7.525,0.93015074335042
29,10,-0.225423414660955
30,0.1,0.594744712502477
30,2.575,-0.0142961218938816
30,5.05,-0.332652175904027
30,7.525,-0.977573493741944
30,10,1.12805784980577
31,0.1,1.27058682121298
31,2.575,-1.37766506695089
31,5.05,-1.3875908889481
31,7.525,-0.662389854336758
31,10,1.10131533737389
32,0.1,-0.0440690706063798
32,2.575,-0.953660064212576
32,5.05,-1.16169096639551
32,7.525,-2.85124546505381
32,10,-2.24224068536377
33,0.1,-0.691969372127132
33,2.575,-0.0423551086943245
33,5.05,-1.11890109584257
33,7.525,-0.731035045493822
33,10,0.442997041797598
34,0.1,-0.594165752254895
34,2.575,0.218857518137131
34,5.05,-0.626353195770767
34,7.525,-1.15337113134761
34,10,-0.710270739716684
35,0.1,0.325506590709708
35,2.575,-1.15192637911324
35,5.05,0.362872251309658
35,7.525,0.367060556090558
35,10,0.367958496652437
36,0.1,1.08074081936692
36,2.575,0.378645999144641
36,5.05,-0.645325455993259
36,7.525,-0.590888595920653
36,10,-0.61726202702982
37,0.1,-0.999309811693079
37,2.575,-0.00507219017655319
37,5.05,0.22694243786308
37,7.525,0.254626769505885
37,10,-0.542559167136966
38,0.1,0.52469867954641
38,2.575,0.265988838113706
38,5.05,1.49945568492533
38,7.525,1.25177294612238
38,10,1.2857950389578
39,0.1,-1.41863968881927
39,2.575,-0.724657173136429
39,5.05,0.986935906240183
39,7.525,-0.355495391912342
39,10,-1.40893634639387
40,0.1,0.495224871526541
40,2.575,0.540649118361256
40,5.05,1.16818657115749
40,7.525,0.773793399322583
40,10,-1.17063474297357
41,0.1,0.54629285622502
41,2.575,-2.03215765981253
41,5.05,-0.457645424262213
41,7.525,0.375849822128101
41,10,-1.0540242565104
42,0.1,-0.017692312052106
42,2.575,-0.949872214454301
42,5.05,-0.55760577887637
42,7.525,-0.035100682475682
42,10,-0.162037047653842
43,0.1,-1.18850577427145
43,2.575,0.846648444971846
43,5.05,-0.1157745296677
43,7.525,-0.479582946252085
43,10,-0.758412627398193
44,0.1,2.3616329884223
44,2.575,-0.101731654452059
44,5.05,-2.17508637501842
44,7.525,-1.13462395677465
44,10,0.130397241796261
45,0.1,-0.267933345507745
45,2.575,-1.1838481864245
45,5.05,-2.28803750353164
45,7.525,0.706934273835475
45,10,-1.27794201783543
46,0.1,-0.520316826086121
46,2.575,-1.28479036911395
46,5.05,0.963938853937184
46,7.525,1.3191015112646
46,10,0.197049218951777
47,0.1,0.293287179224135
47,2.575,0.0957066816104974
47,5.05,-0.357155627291621
47,7.525,0.503744704510571
47,10,0.705399448267489
48,0.1,1.64290598776307
48,2.575,0.543859928324304
48,5.05,1.53265458697805
48,7.525,-0.197256770196135
48,10,-0.38144284920565
49,0.1,0.503561630442651
49,2.575,0.626550013802538
49,5.05,-0.817475037274759
49,7.525,-0.235843930897113
49,10,0.658944611806258
50,0.1,-1.89485633238121
50,2.575,-1.03827010199272
50,5.05,-0.632659846984324
50,7.525,-1.30071316725408
50,10,-2.07437401304362
51,0.1,0.752778060908205
51,2.575,-0.0632879914992272
51,5.05,1.18961625388438
51,7.525,-0.478618233558458
51,10,-0.03261494241061
52,0.1,-0.130503997891768
52,2.575,1.32486538186096
52,5.05,0.395285311158813
52,7.525,-1.17155088252974
52,10,-1.38119693554957
53,0.1,1.08243821424492
53,2.575,1.64935565531769
53,5.05,-0.276202617722851
53,7.525,0.385493584749286
53,10,0.499481353599796
54,0.1,-1.01960047623574
54,2.575,-0.00259774736833113
54,5.05,-1.87502611054729
54,7.525,0.537242058853743
54,10,2.36732545279901
55,0.1,-0.69185451502137
55,2.575,0.134296118519051
55,5.05,-1.00721165284413
55,7.525,-0.816373884238024
55,10,-1.72505734965173
56,0.1,0.312786637099568
56,2.575,-0.648111795003969
56,5.05,1.45673880932806
56,7.525,-0.41914388824476
56,10,-0.799219550013695
57,0.1,0.705890460297706
57,2.575,-0.868271761844454
57,5.05,0.337275238100604
57,7.525,0.795684711188463
57,10,-0.0165673415861427
58,0.1,0.0641180755498856
58,2.575,0.557876466440362
58,5.05,0.154177577112987
58,7.525,-0.0828923428583945
58,10,-0.181377348989432
59,0.1,0.686621368586876
59,2.575,-1.61655694326463
59,5.05,1.45526765686073
59,7.525,0.283199404957663
59,10,-1.03317113204716
60,0.1,-1.04021531199375
60,2.575,0.211909718696162
60,5.05,-0.84106100525343
60,7.525,0.228344377648119
60,10,2.43241670075215
61,0.1,-0.626350194439368
61,2.575,1.149534917672
61,5.05,0.159757636119633
61,7.525,-1.56702119121803
61,10,-1.7066909800487
62,0.1,-0.045148680350152
62,2.575,0.769216847562223
62,5.05,-0.154154724172484
62,7.525,0.802987121739881
62,10,1.89512444239484
63,0.1,-0.31976204622991
63,2.575,0.488851430982475
63,5.05,1.11148019516074
63,7.525,-2.86282735428033
63,10,0.129788193613881
64,0.1,-0.0549316254371356
64,2.575,0.856571457248239
64,5.05,0.528125515280503
64,7.525,0.181722270213565
64,10,-2.63943134358166
65,0.1,0.749093194095748
65,2.575,0.184219461800643
65,5.05,-1.47978566572651
65,7.525,-0.851458817655423
65,10,0.145181164492794
66,0.1,0.90172370755723
66,2.575,0.152274538005923
66,5.05,-1.19889797940918
66,7.525,-0.627511611372868
66,10,1.10346217928741
67,0.1,2.32099355799597
67,2.575,0.182409117222162
67,5.05,-2.1372201610615
67,7.525,-0.89536650109932
67,10,-0.820084323691661
68,0.1,1.05825579992258
68,2.575,0.384267294610346
68,5.05,0.588207900615048
68,7.525,0.455429626260736
68,10,0.193765299953596
69,0.1,1.28131908769118
69,2.575,1.83209007936976
69,5.05,0.596475584692468
69,7.525,1.64797022968355
69,10,0.692800770192854
70,0.1,0.342440854525766
70,2.575,1.31731590646194
70,5.05,0.652500221580556
70,7.525,-1.02813174962363
70,10,-1.13336495129831
71,0.1,-1.70894451875398
71,2.575,-0.839374319299732
71,5.05,-0.28920783220955
71,7.525,-0.119450098196785
71,10,0.813441438356627
72,0.1,0.370234057595366
72,2.575,1.7040902604494
72,5.05,1.80435620025843
72,7.525,1.28184942672729
72,10,0.102065680597297
73,0.1,-0.376462433033216
73,2.575,-0.968978505522049
73,5.05,-3.78572685433842e-05
73,7.525,-0.0286980554997368
73,10,0.404124198901252
74,0.1,0.412451052710378
74,2.575,-1.059093378755
74,5.05,-0.550325918489817
74,7.525,-0.493934817782525
74,10,0.277801300568675
75,0.1,-0.336051835469303
75,2.575,0.765894654049855
75,5.05,0.999416013037053
75,7.525,-1.40755265791862
75,10,1.15214164938411
76,0.1,0.67097665883357
76,2.575,-1.12587947163427
76,5.05,-1.30309334537357
76,7.525,0.79139304595038
76,10,-0.378154333736619
77,0.1,-0.522133836744606
77,2.575,0.171071612039318
77,5.05,0.279245527872993
77,7.525,-0.229725555751232
77,10,1.63525838995635
78,0.1,0.783528158772947
78,2.575,1.4444896918751
78,5.05,0.754697013953482
78,7.525,0.0266173306563612
78,10,-0.546643971589408
79,0.1,0.298978202595543
79,2.575,-1.1609972108616
79,5.05,0.399287379938773
79,7.525,0.841207596880422
79,10,-0.589856189276819
80,0.1,1.76368585912597
80,2.575,3.33603336017045
80,5.05,2.57515595635141
80,7.525,0.249723068836064
80,10,2.56432093349413
81,0.1,-0.124982728228229
81,2.575,1.02849421786658
81,5.05,-0.852679394449668
81,7.525,-0.790754954568069
81,10,-1.34142602333163
82,0.1,0.0682588315497092
82,2.575,-0.203226262483651
82,5.05,-1.01731086712451
82,7.525,1.61936513200672
82,10,0.402906575260331
83,0.1,1.17221460507365
83,2.575,2.49571794248224
83,5.05,1.87413812668946
83,7.525,-0.5868215325314
83,10,0.49853774938227
84,0.1,-0.987184846099802
84,2.575,-2.45838119164584
84,5.05,-0.130176469590979
84,7.525,0.221589394054782
84,10,0.534395474761981
85,0.1,0.0639278991467494
85,2.575,-1.02194118078869
85,5.05,1.24967336851688
85,7.525,1.43281488767279
85,10,1.07822836482343
86,0.1,-2.00289357112948
86,2.575,-2.2563852707325
86,5.05,-3.03115298441875
86,7.525,1.58480537238682
86,10,0.0659168059434601
87,0.1,0.728616984449723
87,2.575,0.172645555198232
87,5.05,0.411219674410526
87,7.525,1.66426748059709
87,10,1.80390812226561
88,0.1,-1.07162826578433
88,2.575,1.5709680671076
88,5.05,-1.01284186646806
88,7.525,-1.27831163170527
88,10,-0.935725308427567
89,0.1,0.678712603296741
89,2.575,-0.359954500156276
89,5.05,-0.753499432826964
89,7.525,-1.16219813324696
89,10,-1.20793282821987
90,0.1,2.22035434587024
90,2.575,0.115146139411316
90,5.05,1.45280953950853
90,7.525,0.841679590190295
90,10,-0.277663436584853
91,0.1,-1.02087589667298
91,2.575,1.16538594574342
91,5.05,-1.08106212885234
91,7.525,0.541932469338067
91,10,0.203802590707289
92,0.1,1.12065465386162
92,2.575,-0.557757546821306
92,5.05,1.32521808549684
92,7.525,2.44384581091714
92,10,0.931856723072585
93,0.1,2.6682269736721
93,2.575,1.08942528211939
93,5.05,0.604139010371533
93,7.525,0.517428418199786
93,10,2.7678099732673
94,0.1,0.239808220905129
94,2.575,0.77829984337285
94,5.05,-2.33854957007823
94,7.525,-0.415666974202081
94,10,-0.294049783163022
95,0.1,-0.929436237101113
95,2.575,0.583707198112883
95,5.05,0.244466534420926
95,7.525,0.430032611990856
95,10,0.0411544505909571
96,0.1,-0.0566759004120098
96,2.575,-0.0207268697015604
96,5.05,1.25990245607552
96,7.525,-0.291595258991787
96,10,-0.195720600865953
97,0.1,0.0601608881152988
97,2.575,-0.268423605353653
97,5.05,1.69399779724082
97,7.525,1.79523333621351
97,10,0.410339329277452
98,0.1,0.0854239442619943
98,2.575,0.721548954073102
98,5.05,-0.911573197415254
98,7.525,-1.04747793380063
98,10,-0.650800338060882
99,0.1,-2.56765320917062
99,2.575,-0.0767644308025457
99,5.05,-0.35333945730593
99,7.525,0.0659678654873592
99,10,-0.471104256899156
100,0.1,0.432996353966226
100,2.575,-0.652305913461124
100,5.05,1.43826180828164
100,7.525,-0.543908052283301
100,10,-1.61373722315643
101,0.1,-1.1865921153137
101,2.575,0.306899726911709
101,5.05,1.58845738531523
101,7.525,-0.0801980673658819
101,10,-0.775610970054713
102,0.1,2.14346189702927
102,2.575,1.68632748684541
102,5.05,-0.913557696384891
102,7.525,-0.766436980930613
102,10,1.05650179003117
103,0.1,-1.32234785251016
103,2.575,-0.710895249833776
103,5.05,1.62602678315972
103,7.525,-0.0604934247916382
103,10,0.316766955959454
104,0.1,-1.11709742100477
104,2.575,-0.224071230070687
104,5.05,0.150878030977512
104,7.525,-1.10979043466365
104,10,1.0537133590584
105,0.1,1.75231515293948
105,2.575,0.204944820594583
105,5.05,1.33272956804671
105,7.525,0.847354825220796
105,10,-0.126236994115456
106,0.1,0.819350796615445
106,2.575,0.757781481901478
106,5.05,0.740643969549661
106,7.525,1.86523288505594
106,10,1.0890512162844
107,0.1,0.683357643555888
107,2.575,0.258424607725505
107,5.05,-0.547457212315717
107,7.525,0.3051535921425
107,10,-1.652645617611
108,0.1,0.120654876900528
108,2.575,0.18590263339764
108,5.05,-0.0605655507194034
108,7.525,0.29312489262746
108,10,0.911421171821367
109,0.1,-1.14546730839915
109,2.575,-2.77819137055141
109,5.05,-1.71028460727999
109,7.525,-1.12268407052365
109,10,-0.801329232502015
110,0.1,-1.77224674690612
110,2.575,2.58398917242709
110,5.05,1.35507372513331
110,7.525,0.837695349898989
110,10,-0.0419109387138012
111,0.1,-0.23630205674181
111,2.575,2.043787380952
111,5.05,1.3373322432635
111,7.525,1.13232802865989
111,10,0.868133096758416
112,0.1,-1.3625797427132
112,2.575,-1.30961728074492
112,5.05,0.165490549343951
112,7.525,0.272681937211041
112,10,0.458156563631056
113,0.1,-0.286951212333182
113,2.575,-0.322628921675674
113,5.05,2.30841943086593
113,7.525,-0.935949511155207
113,10,-0.707791057086107
114,0.1,0.53007931309119
114,2.575,-0.256751537705349
114,5.05,-0.0148007757911136
114,7.525,0.501495093775692
114,10,1.28696302618234
115,0.1,-0.313291722903808
115,2.575,1.71570672337297
115,5.05,0.847693270968559
115,7.525,1.92534097430803
115,10,-0.189444832047684
116,0.1,-0.67578196718767
116,2.575,-1.44076452217682
116,5.05,-1.48084896034808
116,7.525,-1.62962984830966
116,10,-0.627972346663856
117,0.1,1.07769797320639
117,2.575,-0.672224911619731
117,5.05,0.654739904780245
117,7.525,0.624096237020344
117,10,1.82831370050453
118,0.1,-0.290988294004545
118,2.575,0.786398671121203
118,5.05,-0.102866956061586
118,7.525,-1.22672916870015
118,10,1.93620736059899
119,0.1,0.690733192879918
119,2.575,1.4585740402581
119,5.05,0.601802134918642
119,7.525,1.27857729603022
119,10,0.24403739136322
120,0.1,-0.624570782688823
120,2.575,0.813368354002776
120,5.05,1.80491757127321
120,7.525,-0.402934135051791
120,10,0.807262330469504
121,0.1,0.811548079277206
121,2.575,-0.605569735353363
121,5.05,1.16228703270024
121,7.525,-0.0938969622148908
121,10,-0.918647231585757
122,0.1,1.38383711573869
122,2.575,-0.310048297529528
122,5.05,-1.90109393096889
122,7.525,-1.72922893117733
122,10,-0.522437344993943
123,0.1,-0.270319991288643
123,2.575,0.670995647202652
123,5.05,0.779719970924406
123,7.525,-0.293561152243438
123,10,0.465395222991473
124,0.1,-0.103403324474483
124,2.575,-1.22996625332589
124,5.05,-0.432868828251577
124,7.525,-0.109784789054634
124,10,-1.37748073944379
125,0.1,-0.960734734122577
125,2.575,0.132792154445496
125,5.05,1.08824350495901
125,7.525,1.08095669796091
125,10,-0.695062575935239
126,0.1,0.574543442124075
126,2.575,1.83264626742857
126,5.05,1.54077798023127
126,7.525,0.748045945551118
126,10,0.493723098275223
127,0.1,-0.457451382417753
127,2.575,-1.34242212712155
127,5.05,-0.880959202721263
127,7.525,-0.621360288693208
127,10,-0.672975791297051
128,0.1,0.219543655139284
128,2.575,0.437848798216799
128,5.05,-1.10171493573497
128,7.525,0.549433281446766
128,10,-0.629989839833026
129,0.1,-0.664024580789837
129,2.575,-0.282798275652709
129,5.05,0.0919848331455488
129,7.525,0.455098276124273
129,10,1.0546697601558
130,0.1,-0.969068345162709
130,2.575,0.481940835646807
130,5.05,-0.203043391422474
130,7.525,2.86602337410611
130,10,1.48381542625877
131,0.1,1.43428605129454
131,2.575,0.660040113407758
131,5.05,0.117547575898728
131,7.525,0.941749217568799
131,10,0.887493683972411
132,0.1,-1.79093583858856
132,2.575,-0.539046376766531
132,5.05,-1.70328398911301
132,7.525,-0.173073717226206
132,10,-1.78898782136954
133,0.1,-0.496159332614445
133,2.575,0.534535938877677
133,5.05,-0.834642806411507
133,7.525,0.254880940621266
133,10,-0.241649515708048
134,0.1,-0.742145912705879
134,2.575,-0.913948283223671
134,5.05,-0.347013315222126
134,7.525,0.209527046271452
134,10,1.22135532401997
135,0.1,-0.822920771599586
135,2.575,-0.928055695019013
135,5.05,0.914535570518752
135,7.525,1.78145710417884
135,10,-1.71101561360041
136,0.1,0.31240561860897
136,2.575,-0.760267368303881
136,5.05,0.746944545748018
136,7.525,-0.127505961233687
136,10,1.59840525227434
137,0.1,-1.14609074536029
137,2.575,-1.52842687962723
137,5.05,-1.02320975119096
137,7.525,-0.768726444421693
137,10,-0.739697752784659
138,0.1,0.956914543303547
138,2.575,-0.416560773316161
138,5.05,-0.299849949876277
138,7.525,-1.65217575427824
138,10,-1.67930119275282
139,0.1,1.01376362686363
139,2.575,0.313535917562951
139,5.05,-0.956391600150696
139,7.525,-1.50492768788964
139,10,-0.0781986371329114
140,0.1,-1.29428242383626
140,2.575,-0.248040250661507
140,5.05,0.253855624917466
140,7.525,-0.66742610608615
140,10,-1.07802067445529
141,0.1,-0.261655100991676
141,2.575,-0.304046532964948
141,5.05,-0.145352957992877
141,7.525,-1.63566092359159
141,10,0.470828631812444
142,0.1,-2.52009527315835
142,2.575,-2.14807964327175
142,5.05,-0.631851992383732
142,7.525,0.442499423423991
142,10,1.72250392723648
143,0.1,-0.260357453396388
143,2.575,0.550750919692792
143,5.05,-1.48777501574713
143,7.525,1.07114901987744
143,10,-2.29919083554533
144,0.1,1.81372256693168
144,2.575,0.399666773245684
144,5.05,0.0565569306722665
144,7.525,-0.0771190028207128
144,10,0.597340490283867
145,0.1,-1.58509432687435
145,2.575,0.0811699426797267
145,5.05,1.80706531178671
145,7.525,0.893242637934039
145,10,0.694528564649029
146,0.1,0.116654093074633
146,2.575,-0.289387288201323
146,5.05,-1.68837486039752
146,7.525,0.0678111148964977
146,10,1.82009201811009
147,0.1,2.31498126954066
147,2.575,0.51541707584907
147,5.05,-0.382193270253207
147,7.525,-0.94098079850265
147,10,-1.32925452673059
148,0.1,-2.25222707137531
148,2.575,-0.678762111429973
148,5.05,-0.0357926224847266
148,7.525,2.39292650343399
148,10,1.27132751828534
149,0.1,0.37756026546189
149,2.575,0.357074191279362
149,5.05,0.235917514660574
149,7.525,0.729288122236609
149,10,0.691685844981385
150,0.1,-0.681596002655753
150,2.575,0.647397594057324
150,5.05,0.0437151109580814
150,7.525,0.680453057160449
150,10,0.707201061331619
151,0.1,-0.69702281664927
151,2.575,-0.0656001725492515
151,5.05,-0.313380664964698
151,7.525,-0.452431901632653
151,10,0.355129342887726
152,0.1,2.22826810771364
152,2.575,0.296185333764056
152,5.05,0.841313408171572
152,7.525,-1.15368200735094
152,10,-2.57027022169759
153,0.1,-0.29343124622007
153,2.575,-0.53808497138744
153,5.05,1.76782736326034
153,7.525,0.2092211959873
153,10,1.52200175484857
154,0.1,1.32106163113733
154,2.575,0.0700143144193939
154,5.05,1.22814034259616
154,7.525,1.19393614624012
154,10,1.89349217298682
155,0.1,-0.0374926813447259
155,2.575,0.185971269612602
155,5.05,-0.557095531425988
155,7.525,-0.797601191646487
155,10,-0.782744550362405
156,0.1,0.143381342225245
156,2.575,1.67778910748554
156,5.05,0.276653738703235
156,7.525,-0.406679086808245
156,10,1.90293322597882
157,0.1,-0.45257955151949
157,2.575,1.03825738033599
157,5.05,-0.188850492240719
157,7.525,-0.536241199936226
157,10,0.594244668420868
158,0.1,0.46413987583626
158,2.575,1.8325677186058
158,5.05,0.428697760866138
158,7.525,1.96371511017799
158,10,1.29704737032195
159,0.1,0.304349982355744
159,2.575,-0.329780696231422
159,5.05,-0.0552595822718703
159,7.525,0.828600503493293
159,10,-0.588365663295332
160,0.1,1.52445741824973
160,2.575,0.693153891176579
160,5.05,-0.639785121104961
160,7.525,0.485489712503626
160,10,-0.794021894918394
161,0.1,-0.438719761032593
161,2.575,-0.219902142650741
161,5.05,0.404435614582913
161,7.525,1.480876052902
161,10,-0.0638729457900423
162,0.1,-1.88620127253562
162,2.575,-1.31590328818532
162,5.05,-1.7477902534042
162,7.525,0.129324063447301
162,10,-0.748893890296702
163,0.1,-1.01358203682528
163,2.575,0.319580791593079
163,5.05,-0.369749440909051
163,7.525,-0.834451725170283
163,10,-0.564200138436367
164,0.1,1.68310171940317
164,2.575,-0.0659314760446013
164,5.05,1.21875579975146
164,7.525,0.427444568557454
164,10,-0.499584133231938
165,0.1,-0.41269410197101
165,2.575,0.254413731797727
165,5.05,0.708868231120839
165,7.525,-0.829465396452884
165,10,-0.978429478745725
166,0.1,-0.941742732065447
166,2.575,-1.59922743009568
166,5.05,-0.246005757621032
166,7.525,-0.0453920197464228
166,10,2.16668228244072
167,0.1,0.866308446388574
167,2.575,1.32921643694068
167,5.05,-0.349272732683734
167,7.525,-0.749236635563957
167,10,-1.65528160584566
168,0.1,1.22645237379905
168,2.575,0.331747191380979
168,5.05,1.70412062120253
168,7.525,2.09283951236914
168,10,2.27624813250911
169,0.1,1.32363329504031
169,2.575,0.0753637954484688
169,5.05,-0.467661573765995
169,7.525,-0.368179955602993
169,10,-1.11851942257432
170,0.1,0.486923530549929
170,2.575,-0.265662920265885
170,5.05,0.970839498789473
170,7.525,-1.05563157848797
170,10,-0.299466802087024
171,0.1,0.282899895178234
171,2.575,0.482959750372099
171,5.05,0.0659356275242812
171,7.525,0.498018139863726
171,10,1.96855865934204
172,0.1,0.344194114412713
172,2.575,0.132046362905365
172,5.05,2.02984750158235
172,7.525,0.875537513363554
172,10,0.670559173743991
173,0.1,0.0889713703455898
173,2.575,0.346234891104917
173,5.05,-0.330732912233392
173,7.525,-1.71155051118644
173,10,0.954537824006805
174,0.1,1.2748611229383
174,2.575,-0.0757872450108392
174,5.05,-0.395624546700296
174,7.525,-0.731552076341915
174,10,0.0751061233713492
175,0.1,0.216450761257871
175,2.575,0.100913180910828
175,5.05,0.44646249877543
175,7.525,-0.196401615853303
175,10,-1.44621937471552
176,0.1,1.53450227043655
176,2.575,2.12323112694043
176,5.05,-0.355868347954264
176,7.525,-0.187340722078467
176,10,1.23614178283336
177,0.1,-3.04323427832229
177,2.575,0.611943630881939
177,5.05,0.576398587941402
177,7.525,0.204951393691658
177,10,0.655933609641641
178,0.1,0.0434935154393583
178,2.575,-2.61869099981726
178,5.05,-0.294400902452111
178,7.525,-2.31283234882348
178,10,0.0271882852426492
179,0.1,-0.280100027197908
179,2.575,0.280428202045369
179,5.05,1.33386513199793
179,7.525,0.716602864526666
179,10,-0.0393752137003718
180,0.1,-1.23146214265089
180,2.575,-0.217871664924323
180,5.05,0.346935086871518
180,7.525,-1.42782850308093
180,10,-1.59340632156598
181,0.1,-0.984817615529981
181,2.575,-0.536438896358129
181,5.05,1.15339057369982
181,7.525,0.454688650078515
181,10,1.75127504096331
182,0.1,-2.13918654859513
182,2.575,-2.1931489696594
182,5.05,-0.441669911839886
182,7.525,-0.128441472522499
182,10,0.613297804021044
183,0.1,-0.665439200592775
183,2.575,-0.893041763530318
183,5.05,-0.31441380081487
183,7.525,0.664797212915926
183,10,-1.00434834917858
184,0.1,0.717208336466894
184,2.575,-2.24513909442044
184,5.05,0.403257034515425
184,7.525,0.808459635092917
184,10,0.162782927489227
185,0.1,-0.500129828918249
185,2.575,-0.402921324483441
185,5.05,-2.07503796569844
185,7.525,0.0685144869292485
185,10,0.321804006705925
186,0.1,-0.727703378599019
186,2.575,0.923683598071609
186,5.05,-0.0209796144899702
186,7.525,0.359490314250811
186,10,-1.06965916679668
187,0.1,-0.528045588351418
187,2.575,-0.874952577775949
187,5.05,-2.48645816667452
187,7.525,-1.74198282214657
187,10,-0.873662983515821
188,0.1,-1.61596801476181
188,2.575,-1.91328909727921
188,5.05,-0.30912378599126
188,7.525,1.49743014173076
188,10,-0.771776894842608
189,0.1,-0.111848250058643
189,2.575,0.667626983110342
189,5.05,0.700638605548823
189,7.525,-0.884331115045648
189,10,0.0664677453836279
190,0.1,0.704317019996027
190,2.575,1.82290066998659
190,5.05,0.0468916928356003
190,7.525,-1.73419886383528
190,10,-0.271230611771514
191,0.1,-0.190246146918097
191,2.575,-0.219364438965595
191,5.05,0.891209805224724
191,7.525,1.20885830393564
191,10,1.54145866942711
192,0.1,0.840948619481382
192,2.575,1.13583741240206
192,5.05,0.31667883286639
192,7.525,-1.65254157082323
192,10,-0.952334676194756
193,0.1,-0.303840378721533
193,2.575,1.31009998011055
193,5.05,-0.971431091236478
193,7.525,-0.921045725604907
193,10,0.761226216252675
194,0.1,0.252283997838315
194,2.575,0.39813915012846
194,5.05,1.3091037150864
194,7.525,0.735096903479426
194,10,0.0697712078267679
195,0.1,0.428573979463887
195,2.575,0.552653351018085
195,5.05,-0.0269435998080988
195,7.525,-0.554281456022705
195,10,-1.29586452257948
196,0.1,0.805324685536804
196,2.575,1.33159520325317
196,5.05,1.3230003107074
196,7.525,2.0867230789407
196,10,2.09514927336425
197,0.1,0.62135960365786
197,2.575,-0.70451098647015
197,5.05,-0.484021152951916
197,7.525,0.0405557190302664
197,10,1.12714991164149
198,0.1,-0.0223058805572464
198,2.575,0.00798583476168691
198,5.05,-0.241916972639792
198,7.525,0.201198045926738
198,10,-0.243456814194701
199,0.1,-0.642926175466849
199,2.575,0.407832035141728
199,5.05,0.0808278919282357
199,7.525,-0.758905645462219
199,10,0.174798903615949
200,0.1,-0.685699069030981
200,2.575,1.46006740297839
200,5.05,0.98312633257289
200,7.525,-0.904734337667261
200,10,-1.2031352122865
201,0.1,-0.738083750466862
201,2.575,0.148690476300985
201,5.05,-0.127505638023983
201,7.525,-0.00780778722290392
201,10,0.986145932174698
202,0.1,-0.508047707438092
202,2.575,0.157927408945336
202,5.05,-1.36686977140437
202,7.525,0.0753220113551636
202,10,-1.97300518772908
203,0.1,0.253187411561423
203,2.575,-0.439290756922784
203,5.05,0.114186497982024
203,7.525,0.411447628023435
203,10,0.971465128780984
204,0.1,0.189170936595622
204,2.575,0.480669279834413
204,5.05,0.600741414751105
204,7.525,0.490490651069702
204,10,-0.500245321203718
205,0.1,0.420911040825891
205,2.575,-0.942412994742907
205,5.05,-1.36802746208873
205,7.525,-0.379332040060674
205,10,-0.295981588751725
206,0.1,-1.28118061477696
206,2.575,-0.581177334936037
206,5.05,-0.839216967984051
206,7.525,0.119418529114383
206,10,0.351670172171889
207,0.1,0.748620261725668
207,2.575,0.465560331551624
207,5.05,0.379359083071594
207,7.525,0.043893059331247
207,10,0.466768530367041
208,0.1,0.77468926106891
208,2.575,-0.886271023090396
208,5.05,-0.554621932045183
208,7.525,0.391324505193978
208,10,1.36314773701826
209,0.1,-0.134250386423948
209,2.575,-0.0903615031770047
209,5.05,-1.24694106059556
209,7.525,-0.188016991255808
209,10,1.17918768979092
210,0.1,0.480371550195018
210,2.575,1.83555842400413
210,5.05,-0.366544797240517
210,7.525,-0.943014125057471
210,10,0.265295136278825
211,0.1,0.235947426704577
211,2.575,-0.480338468512818
211,5.05,-0.0411455113286751
211,7.525,1.60577429216854
211,10,0.0922083518227987
212,0.1,0.950967708798488
212,2.575,-0.618147086301418
212,5.05,-1.69475627185989
212,7.525,-0.368927156828214
212,10,0.294881120657964
213,0.1,-0.748885534314718
213,2.575,-1.62342597558494
213,5.05,-1.56908133810097
213,7.525,-0.877229399786472
213,10,-1.04930069804023
214,0.1,-1.80226684748951
214,2.575,0.791718929962476
214,5.05,-0.443028836696533
214,7.525,-0.96405253841501
214,10,-0.0839898496595675
215,0.1,-0.881902144444451
215,2.575,0.515933943242759
215,5.05,2.10222564822845
215,7.525,1.54007094176608
215,10,-0.205019838320897
216,0.1,-1.21303043159031
216,2.575,-2.54881871082778
216,5.05,-0.968522342156224
216,7.525,-0.215224800011257
216,10,0.811901478763885
217,0.1,-1.2347812508413
217,2.575,-1.02646421604019
217,5.05,-0.555494951558296
217,7.525,0.217288462815203
217,10,-2.17454392639912
218,0.1,0.230069894530683
218,2.575,-0.351987005059835
218,5.05,1.25239962117449
218,7.525,1.90546489722603
218,10,0.755985562814171
219,0.1,-0.197657039757376
219,2.575,0.0570307061886379
219,5.05,-1.05973362774767
219,7.525,0.855183394452491
219,10,0.1758171948541
220,0.1,0.526491619439652
220,2.575,0.238164468883872
220,5.05,-1.90756048583158
220,7.525,0.517420628845027
220,10,0.478576999378621
221,0.1,-2.4869427072977
221,2.575,0.301182094753295
221,5.05,1.38740504453518
221,7.525,-0.477193987951479
221,10,0.0746313263789675
222,0.1,-0.405258657436307
222,2.575,0.336929320964864
222,5.05,1.2957226015919
222,7.525,0.65134893573291
222,10,0.646075514638016
223,0.1,1.18693126236828
223,2.575,-0.0859739131685153
223,5.05,-0.373988661330056
223,7.525,0.0903812564516813
223,10,-0.456980167629258
224,0.1,-0.67805635868078
224,2.575,-0.543101648609242
224,5.05,-1.10493045288196
224,7.525,0.49336433803091
224,10,0.487508969112421
225,0.1,-0.561408561417292
225,2.575,-1.27936992562476
225,5.05,-0.520323021416266
225,7.525,-1.88491032309111
225,10,-0.0143442931774486
226,0.1,-0.893524990565072
226,2.575,-1.22811831404413
226,5.05,0.0254418893625027
226,7.525,1.19265161591775
226,10,-1.82357764520575
227,0.1,-1.9004738773809
227,2.575,-1.61105129443161
227,5.05,0.884370413664134
227,7.525,0.605783951419395
227,10,-1.0511692179574
228,0.1,-0.998348478573665
228,2.575,0.612337310252774
228,5.05,-0.103378213333624
228,7.525,0.822946402724112
228,10,2.61074936368685
229,0.1,-0.45813534739509
229,2.575,-1.48537976529242
229,5.05,-0.935699898778309
229,7.525,0.132200524226874
229,10,1.16092418863754
230,0.1,1.00480310553141
230,2.575,-0.360326241287528
230,5.05,0.515819264209378
230,7.525,-1.31027095818098
230,10,0.40757495469973
231,0.1,1.32935146051112
231,2.575,2.1109721001174
231,5.05,1.93349664970763
231,7.525,0.353366602789576
231,10,0.100163285222357
232,0.1,0.546670812147819
232,2.575,0.509200181045194
232,5.05,0.779740132266579
232,7.525,2.26324539595559
232,10,1.3321914666021
233,0.1,-0.131419642469352
233,2.575,0.740148267581752
233,5.05,1.07969954863977
233,7.525,0.559137780437573
233,10,0.0550297517835517
234,0.1,-0.519628429646375
234,2.575,0.675495881901894
234,5.05,-1.79094600343374
234,7.525,1.20982515845534
234,10,0.497975730642116
235,0.1,-0.148193337149057
235,2.575,0.0101496489283746
235,5.05,0.769842354025102
235,7.525,-1.00780547240938
235,10,-0.550932206066194
236,0.1,-0.220729312229334
236,2.575,1.61786274531885
236,5.05,1.38035466816943
236,7.525,1.27841970260535
236,10,-0.694227874319893
237,0.1,0.611288742138259
237,2.575,-0.21916007709683
237,5.05,-0.613359776498583
237,7.525,-1.80431514460142
237,10,0.873613098206229
238,0.1,0.686625694700664
238,2.575,-0.495557828853086
238,5.05,-1.19670755992502
238,7.525,-0.752574796257101
238,10,-0.563294789662302
239,0.1,0.780272496770363
239,2.575,-0.913477612038251
239,5.05,-0.683802733844196
239,7.525,0.435577287264855
239,10,0.575460039902328
240,0.1,0.506280948074415
240,2.575,0.557072692269881
240,5.05,-1.38516614789783
240,7.525,-0.795814944650791
240,10,-0.772023947424404
241,0.1,-0.016266509212307
241,2.575,-1.81228319502402
241,5.05,0.572108733541008
241,7.525,-0.598274042829398
241,10,-1.00460213232125
242,0.1,-0.871395197892859
242,2.575,0.620185688473423
242,5.05,0.409764592888722
242,7.525,-1.30677678415305
242,10,-0.428111919950026
243,0.1,2.45173759055012
243,2.575,1.13073241715681
243,5.05,0.899140925738826
243,7.525,0.308147946745243
243,10,-0.597014610341091
244,0.1,0.937400327939208
244,2.575,-1.26362489236637
244,5.05,-0.0916125826582579
244,7.525,-0.72977522351328
244,10,-0.831051195460825
245,0.1,1.33139515621943
245,2.575,0.100578325705655
245,5.05,-0.34876094992376
245,7.525,-0.149620860176964
245,10,-0.312206734830533
246,0.1,-1.76474011769487
246,2.575,-0.120379129980594
246,5.05,-1.0507927828942
246,7.525,-0.905872277942488
246,10,-1.25423424523198
247,0.1,0.413046989641867
247,2.575,0.164791955128383
247,5.05,0.0733926997260052
247,7.525,0.510838628538715
247,10,-0.592451296422259
248,0.1,-1.37849398502768
248,2.575,-1.97763760090567
248,5.05,-1.96581200217704
248,7.525,-1.57747505586859
248,10,-1.24355562304505
249,0.1,1.32445231991442
249,2.575,1.44476481354272
249,5.05,0.709552448343457
249,7.525,-0.903259916325459
249,10,-1.56536770458058
250,0.1,-1.50710189585553
250,2.575,1.31874900042556
250,5.05,0.65538662135596
250,7.525,-0.634113552941307
250,10,-0.294905773014728
251,0.1,-0.277718726033681
251,2.575,-0.99470897171699
251,5.05,-1.04492494464304
251,7.525,-0.274266819180927
251,10,0.433000599915876
252,0.1,0.713892105055722
252,2.575,1.17503283020659
252,5.05,0.467788886719886
252,7.525,0.358254897769742
252,10,0.401209781398799
253,0.1,-0.28277979559038
253,2.575,-0.129607347849297
253,5.05,-0.30468070139459
253,7.525,-2.05132356336724
253,10,1.04685382814058
254,0.1,-0.26174154150186
254,2.575,1.96551472506088
254,5.05,1.35983768091391
254,7.525,0.453835195229389
254,10,0.316154933552451
255,0.1,1.49612113022229
255,2.575,0.355010814452134
255,5.05,-0.0209816218623851
255,7.525,-0.3794667006902
255,10,-0.123125245741441
256,0.1,-1.15539601576826
256,2.575,-1.49155068455539
256,5.05,-0.67489997866786
256,7.525,0.272080145618754
256,10,-0.607856302127818
257,0.1,-2.60462002058824
257,2.575,-1.08531003600692
257,5.05,0.00304516639592634
257,7.525,2.49997576999423
257,10,-0.0214227960925194
258,0.1,-0.98790120493579
258,2.575,-0.602555833110141
258,5.05,-1.14848072560951
258,7.525,0.213223551404169
258,10,-0.535913971468946
259,0.1,-0.688071998692141
259,2.575,-1.50517336946093
259,5.05,-2.08546568271148
259,7.525,-0.522695845740325
259,10,-0.742856051893386
260,0.1,0.169641949752402
260,2.575,-0.0118944412488945
260,5.05,0.697386503407743
260,7.525,-0.584593635220692
260,10,0.701542488426559
261,0.1,-0.976809462138535
261,2.575,0.330065463257208
261,5.05,1.26512584528531
261,7.525,-0.423213323636575
261,10,0.106937770216962
262,0.1,-2.26924885763549
262,2.575,0.579662115067404
262,5.05,1.05168823645752
262,7.525,0.80449114113607
262,10,0.600618759713795
263,0.1,0.803615013646019
263,2.575,-1.51260674772917
263,5.05,0.140778547805249
263,7.525,-0.808910802123046
263,10,-1.98008869351082
264,0.1,1.14347542628231
264,2.575,2.55747069976726
264,5.05,1.76605237123646
264,7.525,0.602574962710427
264,10,-0.348061839995599
265,0.1,-0.339043491152256
265,2.575,-0.820794102213543
265,5.05,-0.0545760429686157
265,7.525,0.258876228377311
265,10,-0.225981360973608
266,0.1,-0.657429870444859
266,2.575,0.628371384930543
266,5.05,-0.0493555504964124
266,7.525,-0.542537399404352
266,10,0.997283448217023
267,0.1,-1.11328733163405
267,2.575,0.686775771542724
267,5.05,-0.585163065023897
267,7.525,0.832660777807683
267,10,-1.09327823478004
268,0.1,-0.518837149514152
268,2.575,-0.273558955679899
268,5.05,-0.853210593505225
268,7.525,-0.432218285346265
268,10,0.128677784136726
269,0.1,1.42033423306992
269,2.575,-2.34639327324517
269,5.05,-0.763080708309621
269,7.525,-1.96685644463775
269,10,0.122654992981598
270,0.1,-0.970854911448013
270,2.575,-1.39182346396408
270,5.05,0.576314688081787
270,7.525,1.23758145523146
270,10,-2.00145337002391
271,0.1,1.06324094939739
271,2.575,-0.353643205761919
271,5.05,0.364192955000363
271,7.525,0.700405620599096
271,10,-0.216196634114251
272,0.1,-0.52406744775429
272,2.575,0.460091782911481
272,5.05,0.552132388644106
272,7.525,2.2495335250227
272,10,0.0920629113182241
273,0.1,-0.402915355173361
273,2.575,1.65697051262843
273,5.05,1.53335382196868
273,7.525,-0.577089650065002
273,10,-2.30775032343742
274,0.1,-0.274535095360657
274,2.575,-0.96050126069252
274,5.05,-2.03175317634642
274,7.525,0.999036337705814
274,10,0.53787353042654
275,0.1,-1.22136663955121
275,2.575,-0.133243194854111
275,5.05,1.10967665826143
275,7.525,0.0251461112709166
275,10,0.212292790929992
276,0.1,-1.77504178990508
276,2.575,-2.27088314192825
276,5.05,-0.158226125922175
276,7.525,-0.39793445306791
276,10,-1.30156809598565
277,0.1,2.26665242261806
277,2.575,2.14866261103343
277,5.05,0.112399006681113
277,7.525,-0.736120755904319
277,10,-1.98862930361809
278,0.1,-0.919418910187184
278,2.575,-0.550420114157068
278,5.05,-2.8069236208998
278,7.525,-0.356229532295983
278,10,0.733441289334736
279,0.1,-1.08650258802161
279,2.575,0.742700639929733
279,5.05,0.300757370086449
279,7.525,-0.918533313706368
279,10,-0.237286538594576
280,0.1,-0.214466720423247
280,2.575,-0.371897021847144
280,5.05,-1.74479268448665
280,7.525,-1.82343168825694
280,10,0.185183435940807
281,0.1,0.981040419764302
281,2.575,1.9619936704686
281,5.05,-1.5640489547034
281,7.525,-0.375148577487143
281,10,-0.688409118993311
282,0.1,1.4070327799752
282,2.575,-0.408359461474098
282,5.05,-0.247924504582701
282,7.525,1.28533303976514
282,10,0.0720979766728511
283,0.1,1.66497690266893
283,2.575,2.54267005369202
283,5.05,0.965483547538489
283,7.525,-0.0297175136477343
283,10,-0.910915497312738
284,0.1,2.247908731246
284,2.575,0.86258835300493
284,5.05,-1.64623760995517
284,7.525,-0.562463597190217
284,10,0.126699955838321
285,0.1,0.587779124238114
285,2.575,-0.00533014965890913
285,5.05,0.393828037316988
285,7.525,-0.477620373403881
285,10,-0.170201289773282
286,0.1,-1.58376910975797
286,2.575,-2.37716914761963
286,5.05,-0.43094295244537
286,7.525,0.446030447102004
286,10,2.6026732230188
287,0.1,0.31795235537315
287,2.575,-0.187005414844445
287,5.05,0.574492685080767
287,7.525,-1.50726963083058
287,10,-0.637534129529888
288,0.1,0.187354169918978
288,2.575,1.21487336457677
288,5.05,-1.09817345435739
288,7.525,-0.955699355327878
288,10,0.194079056728062
289,0.1,0.636221691728113
289,2.575,-0.214988987627481
289,5.05,0.148379418880987
289,7.525,1.45374477088813
289,10,-0.49454043298061
290,0.1,-0.373238602450183
290,2.575,0.41995733694127
290,5.05,-1.56745350717211
290,7.525,-1.13544104180123
290,10,-0.345223023983508
291,0.1,-1.28734109202592
291,2.575,1.46813355546124
291,5.05,2.20299075814204
291,7.525,1.45873854368192
291,10,2.04438344830365
292,0.1,-2.56662532099555
292,2.575,1.00304379720326
292,5.05,0.29022319791345
292,7.525,1.44425697413483
292,10,0.69918161803265
293,0.1,-0.611337351870305
293,2.575,-0.0418285026613473
293,5.05,-0.143592296945344
293,7.525,1.11039886670095
293,10,0.874342489945304
294,0.1,0.39042481142036
294,2.575,0.349155686884369
294,5.05,0.505614159857034
294,7.525,2.45563547261821
294,10,1.99725623739894
295,0.1,-0.73504850978771
295,2.575,0.286367102226473
295,5.05,-0.273940889635743
295,7.525,0.298478913056174
295,10,-0.737627655385456
296,0.1,-0.162248356953216
296,2.575,2.11661113273017
296,5.05,1.03962625188871
296,7.525,1.06418337843176
296,10,0.749942370235607
297,0.1,-0.101581429093986
297,2.575,1.02785204790641
297,5.05,-0.906309733516409
297,7.525,0.976461024516529
297,10,1.09453853174991
298,0.1,-1.00045587574439
298,2.575,-1.28513473668976
298,5.05,1.15138757054239
298,7.525,-1.32869081079647
298,10,0.694333600747191
299,0.1,-0.128610631375895
299,2.575,0.266439671094417
299,5.05,0.598180241417893
299,7.525,-0.372836465098229
299,10,-2.50107507755335
300,0.1,0.172064248044373
300,2.575,0.596939329617836
300,5.05,0.107554149965957
300,7.525,-1.38333472503932
300,10,-0.428384534434703
301,0.1,-0.0218287568076747
301,2.575,0.320058854647813
301,5.05,1.12615660884894
301,7.525,-0.0385642315952182
301,10,-1.29488819224599
302,0.1,0.120206660717641
302,2.575,-0.267201680137729
302,5.05,1.61558275824012
302,7.525,0.796773237022005
302,10,0.997734130005275
303,0.1,-0.815565059908816
303,2.575,-0.11997971700784
303,5.05,-0.708986407644008
303,7.525,-0.467782722548055
303,10,-0.874282245241994
304,0.1,-1.2573845490089
304,2.575,1.04147637083354
304,5.05,-0.372263327514812
304,7.525,0.362458908294701
304,10,-0.19308586738985
305,0.1,-0.5536124943449
305,2.575,-1.03322594440436
305,5.05,0.833225702131286
305,7.525,-0.00990817435481545
305,10,0.257846652225103
306,0.1,-0.151055254600302
306,2.575,-0.66313354918429
306,5.05,-0.200975743270318
306,7.525,1.43626515871257
306,10,-0.881558371631756
307,0.1,0.220900234047511
307,2.575,-1.12828484878211
307,5.05,-0.740557994236044
307,7.525,-2.50694971553721
307,10,-3.82309673562724
308,0.1,1.04976183672879
308,2.575,0.265240934083048
308,5.05,2.15482547658826
308,7.525,1.03406485988984
308,10,0.39328906745179
309,0.1,0.89770893866636
309,2.575,2.2351265475301
309,5.05,0.209559724290621
309,7.525,-0.763082668689286
309,10,1.25062923076751
310,0.1,-0.110803443233596
310,2.575,-0.582292821869147
310,5.05,0.209317646397041
310,7.525,0.71864943038692
310,10,-1.45120021545626
311,0.1,-2.33363988193716
311,2.575,0.0298554703999219
311,5.05,-1.34518429180617
311,7.525,0.0691951406828489
311,10,0.108145395735294
312,0.1,-0.506992456577948
312,2.575,-1.7690211351547
312,5.05,0.818066027250782
312,7.525,1.40215272263569
312,10,1.13593753490007
313,0.1,-0.653063793049411
313,2.575,-0.354824796030965
313,5.05,-0.776229676771786
313,7.525,-2.66306593332584
313,10,-0.447855977805216
314,0.1,0.0495449740111095
314,2.575,-0.135379275775127
314,5.05,-1.5752902716501
314,7.525,0.428197892108396
314,10,0.420729841560345
315,0.1,-1.59349045054685
315,2.575,1.25196671364558
315,5.05,-0.169331333991566
315,7.525,1.21047764319923
315,10,-0.231074631763739
316,0.1,0.456342049529791
316,2.575,0.23217487580252
316,5.05,-1.1666184746537
316,7.525,0.469880001185056
316,10,1.59109338593195
317,0.1,0.528279436269763
317,2.575,0.597029602941554
317,5.05,0.630925343341614
317,7.525,-0.444508689035355
317,10,-0.0188600684308
318,0.1,-0.783668250325302
318,2.575,-0.0902036791418339
318,5.05,0.678803688965483
318,7.525,1.92838443391551
318,10,1.02065839726611
319,0.1,-1.41311050239471
319,2.575,-0.236668368902885
319,5.05,1.42065721031483
319,7.525,-0.323954799130172
319,10,-0.644841630961968
320,0.1,0.404004072289771
320,2.575,-1.36341595455629
320,5.05,-0.195534905396455
320,7.525,-0.0815674664042494
320,10,-0.535510141977735
321,0.1,-0.648127551467703
321,2.575,-0.298876767153002
321,5.05,0.0841766041622862
321,7.525,0.130769179509478
321,10,0.468374463176981
322,0.1,-0.449463190675842
322,2.575,3.25407762250009
322,5.05,0.272741524830147
322,7.525,0.834754563850317
322,10,-0.558847083696675
323,0.1,-1.40587245022388
323,2.575,-0.264322184362639
323,5.05,0.0111234097118242
323,7.525,0.433310168695347
323,10,-0.203728253399847
324,0.1,-0.809160693855384
324,2.575,-0.558321977336028
324,5.05,0.27383527667242
324,7.525,1.28196549594212
324,10,1.51286580786271
325,0.1,-1.83712773038974
325,2.575,0.234539005552775
325,5.05,-1.54485313732376
325,7.525,-0.863373965033662
325,10,-0.367340511378752
326,0.1,-2.0287432420173
326,2.575,-0.469994456338173
326,5.05,-0.0618513088365912
326,7.525,-0.825906242839206
326,10,-0.439285653740039
327,0.1,0.799338140392568
327,2.575,1.134843700134
327,5.05,0.257566946877622
327,7.525,0.808933054202855
327,10,-0.595561364743171
328,0.1,0.834493273229417
328,2.575,0.375787509146499
328,5.05,-0.745640671332989
328,7.525,-0.292582480152852
328,10,0.384633976258263
329,0.1,-0.341685392262081
329,2.575,0.423634403849717
329,5.05,-0.0433017701928575
329,7.525,0.199128417119108
329,10,0.807979679668026
330,0.1,-0.147929088842898
330,2.575,-1.77390277397984
330,5.05,-1.37849626493929
330,7.525,-0.422026832288741
330,10,0.432651826551852
331,0.1,-1.82287562865639
331,2.575,-1.88054675674056
331,5.05,-0.685899532675661
331,7.525,0.639547318916634
331,10,1.17492513012315
332,0.1,-0.818897168445072
332,2.575,0.474088360715472
332,5.05,-2.35957577236469
332,7.525,-0.9557217930579
332,10,1.16904870655041
333,0.1,-2.46783787999892
333,2.575,-0.505494204337524
333,5.05,1.6978288642378
333,7.525,-1.93243465669415
333,10,-0.759512606251832
334,0.1,1.97942265202318
334,2.575,0.0737903096139514
334,5.05,0.549696877756069
334,7.525,-0.314954017269224
334,10,2.05120433929466
335,0.1,-1.29076427196787
335,2.575,0.247088198278944
335,5.05,0.100352070760229
335,7.525,1.49857895445586
335,10,-0.506712019176899
336,0.1,0.486596200020434
336,2.575,-0.49610912626077
336,5.05,-0.158178165663916
336,7.525,-0.969314911412514
336,10,0.825641494895426
337,0.1,0.138474085112082
337,2.575,-0.0831964281658842
337,5.05,-1.36215048747516
337,7.525,-0.591931871007043
337,10,-2.09506850820367
338,0.1,1.33479021801914
338,2.575,-2.19038583733526
338,5.05,-2.08586838919696
338,7.525,0.770899027878396
338,10,0.390202089508993
339,0.1,0.0274693929974469
339,2.575,-0.192572272552196
339,5.05,-0.121379227140047
339,7.525,1.34936734210786
339,10,-0.756399345248414
340,0.1,1.37461047575196
340,2.575,-0.117768745345889
340,5.05,-1.65643691438139
340,7.525,0.741415815036898
340,10,-0.946286238304989
341,0.1,0.514420361684642
341,2.575,-0.719601320097932
341,5.05,1.18950919536259
341,7.525,-1.14088302739388
341,10,-1.93078159297277
342,0.1,0.845750070471937
342,2.575,-0.16097596632221
342,5.05,-0.545061831658646
342,7.525,-1.24652395772014
342,10,1.23928961885317
343,0.1,0.0174514814989757
343,2.575,0.744520695158594
343,5.05,1.48079126391868
343,7.525,-0.022450479774725
343,10,-0.445082147964476
344,0.1,1.82959441640369
344,2.575,0.786972431751564
344,5.05,1.08869060906758
344,7.525,0.758619484127684
344,10,-0.653857265378211
345,0.1,-0.773717710537981
345,2.575,0.631040967866697
345,5.05,1.49374397593761
345,7.525,-0.196503533989173
345,10,0.525828116615682
346,0.1,0.304536495624415
346,2.575,2.28526381496445
346,5.05,0.329166609611761
346,7.525,0.596583238123857
346,10,1.99259297066465
347,0.1,1.85397179075488
347,2.575,1.73600630423892
347,5.05,-0.27539609914051
347,7.525,1.91495630369651
347,10,0.236581386743147
348,0.1,0.756219478341476
348,2.575,0.237710897679892
348,5.05,1.16197954814368
348,7.525,2.35037043534542
348,10,0.477148597875217
349,0.1,-0.816849260864321
349,2.575,0.806161129016394
349,5.05,2.02121908622469
349,7.525,-0.785258731297971
349,10,0.196876191277109
350,0.1,-0.0676226411134502
350,2.575,-0.289898234161914
350,5.05,-0.963436818707727
350,7.525,-2.44490164283418
350,10,-1.44038821190463
351,0.1,0.360457026410292
351,2.575,0.590417991842456
351,5.05,0.898537572768663
351,7.525,-0.373647706209518
351,10,-0.13778202306104
352,0.1,-0.54233240966839
352,2.575,0.0269840668559099
352,5.05,-0.00230237352958028
352,7.525,1.62712893574846
352,10,-0.571012809079631
353,0.1,-1.06618354873077
353,2.575,-1.13154384456416
353,5.05,-0.313773444209359
353,7.525,-0.484308123848578
353,10,0.51697350404752
354,0.1,-0.0871414133761392
354,2.575,0.734693516157621
354,5.05,-0.674184558309345
354,7.525,0.787923278110369
354,10,-1.05161386968472
355,0.1,0.0419690586395862
355,2.575,1.04849847617405
355,5.05,0.79160311377513
355,7.525,-0.157446666072233
355,10,-2.18419165829051
356,0.1,0.534502299419907
356,2.575,-0.847657556264166
356,5.05,0.330080442460713
356,7.525,-1.91469802625609
356,10,-0.846157047868858
357,0.1,-0.0978459852194348
357,2.575,0.0676704088595084
357,5.05,0.114673119562658
357,7.525,0.130628843949972
357,10,-0.897939261656382
358,0.1,1.44132363348967
358,2.575,0.234213099649468
358,5.05,0.672121712806166
358,7.525,1.81977206174338
358,10,0.801345793604069
359,0.1,1.01756980289686
359,2.575,-0.497520346580889
359,5.05,0.17778538165555
359,7.525,0.378322310407368
359,10,-0.449182840556539
360,0.1,1.34761937331319
360,2.575,0.047139819634917
360,5.05,-1.44782609133643
360,7.525,0.0299129648333385
360,10,0.136895338481107
361,0.1,1.4173535828662
361,2.575,0.0257368069468816
361,5.05,0.271294744790287
361,7.525,1.36785236793355
361,10,0.397519116073042
362,0.1,-0.619802773657364
362,2.575,-0.241411402560713
362,5.05,0.0929629220355913
362,7.525,0.745173571670966
362,10,-1.21973729810325
363,0.1,-0.141410921960942
363,2.575,1.03270234977374
363,5.05,0.300614460666527
363,7.525,-0.312419734728134
363,10,1.40952806041547
364,0.1,-0.224714628519526
364,2.575,0.430088646861591
364,5.05,0.466747567704094
364,7.525,-0.137686864336581
364,10,-0.75181150685986
365,0.1,-0.298248795815316
365,2.575,-1.86834857584584
365,5.05,-0.184653939442125
365,7.525,1.16880082046162
365,10,0.365676396293863
366,0.1,-0.524937707271761
366,2.575,-1.704913845501
366,5.05,0.0436556286938707
366,7.525,-0.532672199777357
366,10,0.0576420447339448
367,0.1,0.00290924930074118
367,2.575,-0.388385700247562
367,5.05,0.0678837986453587
367,7.525,1.61106606241206
367,10,0.876078700403394
368,0.1,-0.733163402595075
368,2.575,-0.838497305041335
368,5.05,-0.869691552069686
368,7.525,0.507030538598052
368,10,-0.352637817956353
369,0.1,-0.105939729806204
369,2.575,0.559053395775095
369,5.05,1.63085190604397
369,7.525,2.22570944367993
369,10,0.706552243921399
370,0.1,0.0898233315435318
370,2.575,-0.772211675243037
370,5.05,-1.33009285517969
370,7.525,-1.54081253697364
370,10,-2.38721112678818
371,0.1,-1.17951946873465
371,2.575,-0.190486627973249
371,5.05,1.70885115322162
371,7.525,1.12446604827117
371,10,-0.0561687905695157
372,0.1,-1.26029049213583
372,2.575,0.186572714317948
372,5.05,-0.280288109845232
372,7.525,2.11682845778091
372,10,0.839460524938587
373,0.1,-0.0645395317733354
373,2.575,-0.529932630820405
373,5.05,1.18602435463144
373,7.525,-0.650582748364426
373,10,0.0871567402580429
374,0.1,-1.27741473977749
374,2.575,-0.354220041511517
374,5.05,-0.739593244144665
374,7.525,-1.27746099697496
374,10,-0.093993905361981
375,0.1,0.87168852037534
375,2.575,1.63790544198594
375,5.05,0.555307784112996
375,7.525,0.502454839616126
375,10,0.644130878059189
376,0.1,0.615469205464144
376,2.575,1.46617617188796
376,5.05,-0.0269860550696025
376,7.525,-0.594972121923448
376,10,0.0370698425596253
377,0.1,1.06472863554505
377,2.575,1.50574552122253
377,5.05,1.12071406443479
377,7.525,1.37013328805912
377,10,0.741087734631801
378,0.1,-0.236737608664009
378,2.575,0.190767506346895
378,5.05,0.0875680189968495
378,7.525,0.0601535083931688
378,10,1.7713587913815
379,0.1,-2.27214494813194
379,2.575,-1.47535984864026
379,5.05,-0.862838345080688
379,7.525,-0.181443490110067
379,10,-0.584240462846231
380,0.1,-1.9457278440898
380,2.575,-1.31840515962727
380,5.05,-0.435261735962051
380,7.525,-1.47618035699625
380,10,-0.325567890658973
381,0.1,-0.810278604041482
381,2.575,-0.19263477654945
381,5.05,2.07561918340401
381,7.525,-0.331315418736613
381,10,0.322314956941617
382,0.1,-1.39802014577899
382,2.575,0.491760169640914
382,5.05,-0.908695588001816
382,7.525,0.770128899010856
382,10,0.902578549398305
383,0.1,0.0716790499551929
383,2.575,0.0370793477091017
383,5.05,1.43835268415203
383,7.525,0.128350428180902
383,10,1.12887727242697
384,0.1,0.0164203688600058
384,2.575,0.631287430768629
384,5.05,0.544697563899541
384,7.525,-0.521424435353633
384,10,-0.501539970642018
385,0.1,-0.864493449281466
385,2.575,0.169877272043995
385,5.05,0.444843746650945
385,7.525,-0.545599150003875
385,10,-0.375880738565865
386,0.1,-1.04960952632283
386,2.575,0.380380428470501
386,5.05,-0.195393838643033
386,7.525,-0.915223827296467
386,10,-0.4401804545035
387,0.1,1.70482678745726
387,2.575,-1.53682788007463
387,5.05,-0.0534275899662554
387,7.525,0.21930026581554
387,10,-0.640044854116388
388,0.1,-0.187327888030972
388,2.575,-0.591359957310556
388,5.05,0.92179491474825
388,7.525,0.0657135496280399
388,10,0.225067823708939
389,0.1,1.06845659797732
389,2.575,0.752922625938614
389,5.05,-0.392672638257568
389,7.525,0.719008319799225
389,10,1.74365612021868
390,0.1,-0.926750704453139
390,2.575,0.752118870169606
390,5.05,1.19307386467833
390,7.525,-0.315607476461657
390,10,-0.0285878244491929
391,0.1,-0.253695421781769
391,2.575,-0.212928673184096
391,5.05,-0.853208035158446
391,7.525,0.652619826751312
391,10,-1.70861558001719
392,0.1,-0.194328277620365
392,2.575,-0.705274093104865
392,5.05,0.638980989506947
392,7.525,0.250394485761367
392,10,-0.620799007523538
393,0.1,-0.460597152797696
393,2.575,-0.387439937713129
393,5.05,-0.744606639800554
393,7.525,0.751319016792124
393,10,-0.766077968201163
394,0.1,0.212452326662012
394,2.575,0.553900016248433
394,5.05,0.222446055096663
394,7.525,-0.746055790551274
394,10,-1.87294188927669
395,0.1,0.0945100273553728
395,2.575,-0.98404620338048
395,5.05,-1.10815375397478
395,7.525,0.97782074397701
395,10,1.26858184124049
396,0.1,-2.23092438445157
396,2.575,-0.47781959385145
396,5.05,0.703393037934417
396,7.525,-0.374998709283888
396,10,0.269866935010123
397,0.1,1.00471235350102
397,2.575,0.549323215010499
397,5.05,1.38340237666232
397,7.525,2.19130192987175
397,10,1.20054831281795
398,0.1,0.824214710150765
398,2.575,0.160142183153264
398,5.05,0.789567158726308
398,7.525,1.23122468472487
398,10,0.288640341367478
399,0.1,0.406282000423356
399,2.575,0.759135451620677
399,5.05,1.51331713219042
399,7.525,-0.847797400550457
399,10,-0.311051913832253
400,0.1,0.9445289891183
400,2.575,0.346191805461069
400,5.05,-0.998275594964362
400,7.525,-0.564214143571984
400,10,-0.519799739063089
401,0.1,0.192530072429174
401,2.575,-0.530428190282323
401,5.05,1.22989230877253
401,7.525,1.23503132549265
401,10,-0.14828759322943
402,0.1,-1.22234585680952
402,2.575,-0.118657018039734
402,5.05,-0.397179621267639
402,7.525,-2.14473747156723
402,10,0.178105468801265
403,0.1,0.38704773156162
403,2.575,-1.30626753428211
403,5.05,1.34677492025609
403,7.525,0.102846346704783
403,10,-2.37261196891838
404,0.1,-1.16376414910348
404,2.575,-0.393270829140031
404,5.05,-1.35344294357023
404,7.525,1.6037442684533
404,10,0.802509786669485
405,0.1,0.497177256796306
405,2.575,-0.516311685916122
405,5.05,-0.704170532678359
405,7.525,0.983835168118264
405,10,-0.315609122655815
406,0.1,-3.01162173725205
406,2.575,0.248015247620715
406,5.05,-0.128504502293626
406,7.525,0.666931660157057
406,10,0.106170226475607
407,0.1,0.212737293104318
407,2.575,0.0859134875178144
407,5.05,1.88889722592132
407,7.525,-1.16253878775651
407,10,1.10715330388049
408,0.1,-1.36754364458987
408,2.575,-0.236128302181463
408,5.05,-1.15840011733272
408,7.525,-0.118781112694618
408,10,-0.884688386920902
409,0.1,0.448853403240762
409,2.575,-1.41815022686206
409,5.05,-1.65390655755295
409,7.525,-2.29238727539516
409,10,-0.664980128313747
410,0.1,-1.50185229578619
410,2.575,0.0737784375950846
410,5.05,0.660265415658976
410,7.525,0.829911729308365
410,10,0.714516800244815
411,0.1,0.72777377591042
411,2.575,-0.644051130742463
411,5.05,0.353712046046324
411,7.525,0.978641364228343
411,10,0.44273399608261
412,0.1,-1.42146503254261
412,2.575,0.0584942361976617
412,5.05,-0.216532740445273
412,7.525,-0.434469771043584
412,10,-0.993972821497821
413,0.1,-0.385279879816025
413,2.575,0.273465499054012
413,5.05,0.179581744993881
413,7.525,-0.293753312930584
413,10,-0.543034090774895
414,0.1,-0.946971697941462
414,2.575,-0.223258077161426
414,5.05,0.531099324973808
414,7.525,0.347687547166208
414,10,1.36548450134865
415,0.1,0.048744802675068
415,2.575,-1.25415019004981
415,5.05,-1.46775261683207
415,7.525,0.260431098842821
415,10,0.47686771535994
416,0.1,-1.06133211433946
416,2.575,0.573267807354523
416,5.05,-0.606590030695271
416,7.525,0.0154304140328499
416,10,-2.1241657978382
417,0.1,1.09263103754602
417,2.575,0.30181917903113
417,5.05,-1.21366386852624
417,7.525,1.02456878631154
417,10,0.896480056177516
418,0.1,0.972699929483375
418,2.575,-0.705623114579982
418,5.05,0.904516635210296
418,7.525,0.665782553500395
418,10,0.452343245951895
419,0.1,-0.00307208562119754
419,2.575,-0.255306698914602
419,5.05,-0.157953864310311
419,7.525,-0.530296803906765
419,10,0.847018318163596
420,0.1,-0.00449430689646724
420,2.575,-1.86169643359881
420,5.05,-0.955651010949615
420,7.525,-0.875570054484581
420,10,0.160711731688507
421,0.1,0.409103361634172
421,2.575,1.10548649016993
421,5.05,0.726036220066902
421,7.525,0.196532632275295
421,10,-0.217434699635009
422,0.1,-1.66011420978601
422,2.575,-1.1215456942967
422,5.05,-0.279573442038772
422,7.525,0.754394057864161
422,10,1.24921439948686
423,0.1,2.16679287646838
423,2.575,1.55998174954146
423,5.05,-0.0768278510280748
423,7.525,-0.333367242498243
423,10,-2.3234448419436
424,0.1,-1.83998060675666
424,2.575,-1.03494243848727
424,5.05,-1.19819264099983
424,7.525,-0.572588855179722
424,10,-0.894319679345397
425,0.1,-1.4888920087468
425,2.575,-1.11307816377388
425,5.05,1.91448866637378
425,7.525,2.69768110815389
425,10,-0.0210792041201296
426,0.1,-0.439479813545191
426,2.575,-0.936255403360043
426,5.05,0.671318053286903
426,7.525,1.33722893196442
426,10,1.52089111921128
427,0.1,-0.00917036132586682
427,2.575,0.88406695524987
427,5.05,-1.62405238840131
427,7.525,-0.928202897701021
427,10,0.539865229372614
428,0.1,1.4973607904928
428,2.575,-0.599526046540738
428,5.05,-0.476180078006724
428,7.525,0.607684290547534
428,10,1.10604510251059
429,0.1,0.467751067329147
429,2.575,1.17251802174934
429,5.05,1.46517613939345
429,7.525,-0.425108047733298
429,10,-1.38174293018872
430,0.1,0.227540094550161
430,2.575,1.6068244992607
430,5.05,1.62517309690965
430,7.525,0.374192683910094
430,10,0.0374573689818622
431,0.1,-0.456265908875686
431,2.575,0.227380156125047
431,5.05,-1.07969071671397
431,7.525,-0.0765376992767229
431,10,0.293047651844468
432,0.1,0.704356447965264
432,2.575,1.24225098901494
432,5.05,-0.52085707779417
432,7.525,0.0778480417487208
432,10,2.4379752062385
433,0.1,1.92785927637957
433,2.575,0.362700103999173
433,5.05,1.52423677446335
433,7.525,0.760482211145607
433,10,1.54263233259379
434,0.1,2.03973205766019
434,2.575,0.553425616060162
434,5.05,1.15358823626356
434,7.525,1.94538175196467
434,10,1.00267044946611
435,0.1,0.452778105107818
435,2.575,-0.528106829266216
435,5.05,0.23496598262096
435,7.525,0.0392215873768866
435,10,-0.215748269356788
436,0.1,0.011575899771161
436,2.575,-0.208747189003791
436,5.05,0.818179263340462
436,7.525,0.651657931677918
436,10,-1.60944144408092
437,0.1,0.0554444049964608
437,2.575,-0.512866465618961
437,5.05,-1.84337108438366
437,7.525,0.198378752848776
437,10,0.36393345915894
438,0.1,0.528601632379454
438,2.575,1.13948722086892
438,5.05,0.531369218109708
438,7.525,0.415191049220861
438,10,-1.43796383116164
439,0.1,-0.358302315099571
439,2.575,0.282283708891815
439,5.05,-2.24467112354067
439,7.525,-1.41679943788309
439,10,-1.46855007318788
440,0.1,-0.322205049600241
440,2.575,0.274502389921526
440,5.05,1.20640464347088
440,7.525,-0.509987310784362
440,10,-1.57183954869931
441,0.1,-2.16514198648318
441,2.575,1.00481796185535
441,5.05,-0.262906163582171
441,7.525,0.661889165610747
441,10,-1.14909164804438
442,0.1,-0.202362181379041
442,2.575,-0.0620612792587096
442,5.05,-0.609596784179886
442,7.525,-1.78167473030835
442,10,0.40393837765382
443,0.1,1.16791383997792
443,2.575,1.62659633038227
443,5.05,0.209983967924649
443,7.525,-0.0914249031308251
443,10,-0.774605191638456
444,0.1,-0.298782820799148
444,2.575,1.24861643987458
444,5.05,-1.50560889604622
444,7.525,0.0264372831006038
444,10,0.927246436842098
445,0.1,-0.199596190104016
445,2.575,0.437871160105251
445,5.05,0.5709706152398
445,7.525,0.476515744849319
445,10,-1.41518057555846
446,0.1,2.17647241945373
446,2.575,0.392557343996565
446,5.05,-0.663041525425575
446,7.525,0.430989133912456
446,10,0.617002978586784
447,0.1,2.21967270574966
447,2.575,1.34280323040011
447,5.05,0.332371956598816
447,7.525,1.21484021465559
447,10,0.614865553986263
448,0.1,-1.10010264901282
448,2.575,-0.817381582436814
448,5.05,0.704730159174414
448,7.525,-0.623966428734345
448,10,2.08426366746137
449,0.1,-0.515621282549463
449,2.575,0.296316836274073
449,5.05,-0.814480648697988
449,7.525,-1.14403412910285
449,10,1.25163062070616
450,0.1,0.379769552829338
450,2.575,1.23202806147483
450,5.05,0.0772682398251117
450,7.525,-0.42410907964629
450,10,-1.03008326463546
451,0.1,0.796188303365846
451,2.575,-1.17466295758006
451,5.05,0.67852797731639
451,7.525,0.807745489740428
451,10,0.7378825881367
452,0.1,-0.683032996025031
452,2.575,-0.109445008245977
452,5.05,0.996946991311285
452,7.525,0.423210221828784
452,10,2.16852028684658
453,0.1,0.214801028308625
453,2.575,-0.891552113994381
453,5.05,0.755318672985478
453,7.525,1.59790134079318
453,10,0.546412424945646
454,0.1,-0.691503638131972
454,2.575,0.896869320411439
454,5.05,-0.232867333465878
454,7.525,-0.665337617109781
454,10,-0.278952996864744
455,0.1,0.115829101587386
455,2.575,-0.122831569167104
455,5.05,-0.143510652555062
455,7.525,0.386037156038808
455,10,-1.06458665526227
456,0.1,-1.63492041138656
456,2.575,0.617441266374
456,5.05,1.44005647624308
456,7.525,2.17675202874366
456,10,0.970233606557078
457,0.1,-0.406102291253266
457,2.575,-1.95548332511158
457,5.05,1.08853963684607
457,7.525,0.0532186137175762
457,10,1.59171131084454
458,0.1,-0.040089633735011
458,2.575,0.984612733128693
458,5.05,-0.243948327251617
458,7.525,-1.08599313590892
458,10,-0.694444922817654
459,0.1,-0.27789168906915
459,2.575,-0.831802816617085
459,5.05,-0.437994487291702
459,7.525,0.254475422331104
459,10,1.15445491735628
460,0.1,-0.312010688320322
460,2.575,1.32528571365193
460,5.05,0.699987551078132
460,7.525,-0.691553474367034
460,10,0.277760936904473
461,0.1,1.79808309159544
461,2.575,1.07132136215224
461,5.05,-0.378083369338285
461,7.525,-1.10260436007941
461,10,-0.706256104475175
462,0.1,1.94905138318575
462,2.575,1.94574121866178
462,5.05,0.0407833358330101
462,7.525,2.6774558043753
462,10,0.598315839695864
463,0.1,0.430610376856986
463,2.575,0.990483138707443
463,5.05,0.42538664208223
463,7.525,-0.127729401161389
463,10,-0.548777305838433
464,0.1,1.57442934893428
464,2.575,-0.871411124506441
464,5.05,-1.55301719368685
464,7.525,-1.3227243905679
464,10,-0.933567422953345
465,0.1,0.318023956590662
465,2.575,-0.359358603747707
465,5.05,0.179645990870603
465,7.525,0.0816303765042047
465,10,1.12853594512779
466,0.1,1.45847181090051
466,2.575,1.19449735721084
466,5.05,0.325204377509032
466,7.525,0.926391439624729
466,10,1.13134723142949
467,0.1,0.229700358968669
467,2.575,0.568315384904321
467,5.05,-1.50397511133202
467,7.525,-0.747749707601448
467,10,-1.80534516700292
468,0.1,0.194872464858652
468,2.575,-0.696536242848566
468,5.05,-0.104182493570089
468,7.525,0.776949054830635
468,10,1.16213197244428
469,0.1,-0.0515247952417452
469,2.575,-0.904045689093171
469,5.05,-0.618195912924177
469,7.525,-0.830837885250715
469,10,-1.09363670165398
470,0.1,-0.711826255766566
470,2.575,0.61635959296376
470,5.05,1.33157324831784
470,7.525,1.11647207257904
470,10,-1.98698788941336
471,0.1,0.602268633594114
471,2.575,-1.31430242078823
471,5.05,-2.08198099686506
471,7.525,-1.65134348521259
471,10,0.0747948357671296
472,0.1,-1.1394051363533
472,2.575,0.119654318467227
472,5.05,0.443709078483121
472,7.525,2.17071411733082
472,10,1.42501164896798
473,0.1,-0.967566767906595
473,2.575,-0.489140090624569
473,5.05,1.22328835214548
473,7.525,2.58967368592239
473,10,-0.46281818932101
474,0.1,-1.01983195784261
474,2.575,-0.647825925122563
474,5.05,-0.298863205380391
474,7.525,0.782859278350244
474,10,0.153576745094932
475,0.1,0.574740130617114
475,2.575,1.26908001488995
475,5.05,-1.16142565961477
475,7.525,-0.0950654396804218
475,10,-1.0542002984952
476,0.1,-0.159893582446308
476,2.575,0.336638685125862
476,5.05,0.529415257826789
476,7.525,0.779141713270711
476,10,-3.1471252872596
477,0.1,-0.759340582998893
477,2.575,-0.642631668653623
477,5.05,0.275911498121425
477,7.525,-1.1666810980613
477,10,-0.217067899324166
478,0.1,-0.457320019436299
478,2.575,-0.618758602695209
478,5.05,-0.522137891639602
478,7.525,1.33928814511119
478,10,1.20327680275851
479,0.1,0.0158923449759815
479,2.575,-1.19215025889473
479,5.05,-1.68330571995221
479,7.525,0.586791664772974
479,10,-2.14040283853316
480,0.1,0.0190542560254577
480,2.575,-0.552775104037205
480,5.05,-0.0364645377977439
480,7.525,0.679797229808482
480,10,0.03697412171101
481,0.1,0.0435902378541044
481,2.575,-0.433760215409067
481,5.05,0.438764986652753
481,7.525,0.200721261391132
481,10,0.290874083136675
482,0.1,0.197059881831048
482,2.575,0.807177027245179
482,5.05,-1.02268450403503
482,7.525,-1.49335507986582
482,10,-0.422723727260528
483,0.1,-1.32174444994774
483,2.575,2.20765017603682
483,5.05,0.596468648134991
483,7.525,0.197131274594928
483,10,0.425728314425007
484,0.1,0.570430404687013
484,2.575,0.820889073070654
484,5.05,-1.20063518289647
484,7.525,-0.90042203525642
484,10,-1.1296061934
485,0.1,0.606686286473737
485,2.575,1.38851527761334
485,5.05,0.745957263785826
485,7.525,-0.0656199381831895
485,10,-1.44045906055714
486,0.1,0.352632749909668
486,2.575,-2.62572742986466
486,5.05,-0.250483056771268
486,7.525,-0.322576816315057
486,10,0.0269406470689052
487,0.1,0.449756937667506
487,2.575,0.784048609271171
487,5.05,0.383834475475048
487,7.525,0.962966856181082
487,10,0.359235559729612
488,0.1,0.142852894872465
488,2.575,-0.683476639256315
488,5.05,-0.623154742068428
488,7.525,0.67165494023877
488,10,1.03734183141663
489,0.1,-1.92591124196308
489,2.575,-0.371745378111022
489,5.05,1.59781629766636
489,7.525,0.117672341441438
489,10,0.604795806967537
490,0.1,-1.18355888344689
490,2.575,-1.12976425656219
490,5.05,1.7052640921006
490,7.525,0.266740882277446
490,10,0.548729177141776
491,0.1,0.12509015604219
491,2.575,-0.680267177418582
491,5.05,0.868383775030407
491,7.525,0.601054003139983
491,10,-0.023476097588617
492,0.1,-1.01775332699407
492,2.575,-0.492683806397827
492,5.05,0.615442914403964
492,7.525,0.246319621213939
492,10,-1.04851793021244
493,0.1,2.68671929505545
493,2.575,1.56041601574426
493,5.05,0.982643105972436
493,7.525,-1.0967296617101
493,10,-0.101212278528363
494,0.1,-0.0327158213230194
494,2.575,0.830243526260955
494,5.05,0.406429693758803
494,7.525,0.1312633941824
494,10,1.38622837972008
495,0.1,-0.150337288499362
495,2.575,0.330447798243045
495,5.05,0.430117070204194
495,7.525,-1.3279611792775
495,10,-2.42555381428626
496,0.1,0.244822964146884
496,2.575,1.24891679890946
496,5.05,0.36302300567615
496,7.525,-0.786598572055899
496,10,0.223509526721557
497,0.1,-0.541800778751274
497,2.575,0.439498940245993
497,5.05,2.41881460100386
497,7.525,-0.0537350625564714
497,10,-0.977558676406257
498,0.1,-0.825964931961818
498,2.575,0.404009552957811
498,5.05,1.19399260991071
498,7.525,-0.0364306790912011
498,10,0.337482551549896
499,0.1,0.477105089718181
499,2.575,0.711338399252659
499,5.05,0.98974234833038
499,7.525,1.16698850482616
499,10,-0.536849284620688
500,0.1,0.488157810435298
500,2.575,-0.102203968231363
500,5.05,0.132857647006493
500,7.525,-0.0572192264575132
500,10,1.94639610828763
